888 itinn· 8888081118

13, 7,3. censorem 1133311 3136. 310413003080117.1,03. 803113

3, 87. omnin 1331111311 13, 30, 45.
Ι 0931301 3110111410 arn 8083331133.
3, 33. ordinem 3613311613, 3, 33.
-3311111333110, 3, 1. 0313,33, 4.
0310031113113167.016Τ4793. 3. 9331-
mam 313001 331 ,33,3 ..6 93360
nanu 31131119, 3, 30. ³plus 131011-
313113,30,3.90111337,4,18..
908318003103, 14, 33 9033813-
· impetendi 31113017, 7, 3. 70-

3119310300331133317,1,63. 33331111
pronuntiare 33, 3, 77. 33011010
deperdere aliquid 30, 7, 341 inu-'-
31011313 9, 4, 144. 111330 6, 3, 87,
rerum natura 30111 9. 3, 95. 90310
31100130 7, 1, 59. 3030100100.-
333113 7, 3, 43. 6031330019310
9,3,84. 33109107,3,100331.- ,

theatro 333133 6, 3, 73. 4011303110 ’

rebus 8, 6, 65.· , ’

tionem ,9011011301 31103317, 3, 37. nm 11031113 presidentes 10, 3, 91,

38. 35. 9, 2, 105. preces alrcur
6,,.337 6 5 30 1010133014,

que 9106163333 ruribus, 30, 3,

3,.76 116001909010 33, 3,.380 31313033 aliquid 3311003 30433 be.

63 alicui rei 30, 2, 33 30,7, 23
6003031311, 30, 13. 6933331, 3,
3 1106100101 1311411111 33,3, 19.
6111001301 rei 3,3, ,6311360133
acutam 0301330311, 5, 63. 33113-
9310311001 3, 1,13. ·rei 33, 3, 6.

1336131003 3110111 9, 3, 83. rere·
3303133113 alicuid. 1, 30. debite,
3131031133 disciplinis Δ333333 3, 3, 3.
3119111130 10. 3, 63. .131031313, r.
8 3010130100οὼ 04, 80.
3333330313 13, 5, r.

. 11310 dre. Ep. ed Trypb. 1. 1301- , (1313130313 eorpus inter 3138110333 di.

pura cena 311 aliquid 33. 3, 33.

31111 licuit 3, 6, 84,

3314313, 33, 4. 1311111003 certos decantare aliquid 13, 8, 3. ·
11,..338 1411301379 3,13, 3133363107310101149304 7,3,.35

3. 13611010010105, 7, 3 trien-
nium 00013110001, 36. vela

cruditate 30303613 7, 3, 3 3 vin
4. 5. 8·

30, 3,.7 verbu 31330133 3, 37. deceremirernrm. 4333313031,

vires 3’6331303113 4, 1, 64. Ι,3093113
alicui 3, 8, 30.. 43, 103. -33
1311600313,30,33. 3010930310
. 3390831310, 5, 33. 310317,4,13
7 6, 31, dr 933311 9313311183,
33. urentem 833. a. 3, 4. isar
463. 33110130,1110013,1,43.
0363000360 133, 13. oratores
. 60130111 13, 30, 33. 3103 sentiendi

fereprodest 11, 1, 8. add. 13136 34,
6330919691313313,33,3.31310
3311333 0013990633 rte verium qui·

, dem 80313331οι 8, 6, 43. decens
. 3130103 1,10, 96. 33, 3,·39.. or. ·

3331110 a, 15, 333 8333131193 331110-

· nur 11, 3, 136. . 03433318, 3, roi·

decentius 8, 6, 6. donandum·
finustngarr,3,r4o. . -

813. ingenium 31111111 7, 10, 30.(1333313319,3,39, 33,1,693179,.

debunt 1331111111 irascente figuram

33, 980 denarius-,11 r, 78.

83001, 35. demus 4,1, 44. (133039143331131131131310131713033101137 ·

33, 3, 9. 6410131100 imperitis
4119131614,3,13.1.131933460019-
prumest. (40068833001033.
inauditae. add. 40, 7, 30, 33,
3,135 datur recedere 13, 7,
337.. uti 6, 3. 300. darium 38
13010101 6911. 30. ,61 id 11011 da-
bitur 10, 7, 39. dabuntur illis
, fua tempora 3,, 3, 13. dandum
31140131301003310 1, 109713. dn·

6,3,331.13173336333’3330,1,37··
orry< 18111. 139. in renuuntque
93160331 re, ,3,37. 6376311111 13, ’
30, 7er8. 6330133333, ro, 13.
driu 0143330033 086, run,
43. »persequitur 61111130 3114113113
1,11,ι.331.30913343110019333
13103031,3,167 31033310 3133134,

·3,39.3130333111 0011190811οηὶ3

1133010400. , - ··

30369383001113110013,1,6. a 31330133611010,1,17. decori 01131-

grammaticis ordo 10, 1, 34. da-

1111301333 3, 7, 36.

to ,663111 3331001031,,3,38.11313 decorum 33101110 8,17. 3011031113
3101103383131113031100111303063110 10, 1, 72. 6936131313, 3177.

11,1, 18 vira 33, 1, 30, 113313
1340313, 4363113111 631301100-

iarun quadremu- 311 decoro 11,
8 1·78 '

31031133,33, 368. (1333133οΝ33331 6300003363330038, 104. de 13·-

ssiquid 10, 3, 36.
dederont 1³41 16.

63103133,34.1133311333611030111

' 10.1,39.7“1331301013,7,’5.

3131111311, 4. 36. 33603,7,9,13. ’633131010..40011633330,5, 33. de·

 

