7777777777, 77 7777Μ.

,7. 7117677717,7,55.16, Ρ17757777,75,9.
17177617717771777717711777 166. 7, 571751777777,7,17, . ·. ·
8, 2. ptumum, 2, 77. petito Ρ777774, 7, 7.
alte rat106 5, 3. 7617847716 Pici1,6, 57.

· licentius voluptates 77, 717, 57. 57161717εῆ177 ,,7 78.
petita 7117777178, 5, (7. ex 57771· 5716177, 57161771. 7171716 57175716. ,

· 771767771777Η7 777. feno 17 5717777 57777777577711711775 .⁷'⁹'
11717776, 5,57. 5617771116176717717- 57157177177778, 6, 74.

7777, 7ο, 7 5 57757777 mutua 77777 nos caritatis pro.

766667 6, 65 797· 4,·674· 4, 6 776666, 766666, 6 646677·

7, mr. ¹3, 1, 5775. ,,7,7 76. pigrum 1757741777 10, 7, 4. pigra

4771717 5777761714, 46. petitiones 7771777767717717 7777777719, 4,

3,1, 977 57. 7777777777 71177777 5, 66. ,

103 ’ 91571717776777677717 10,3, 57
monitum, 3, 3.7 57117177 57777776, 5, 67.

5681718777, 7, 7.8 ad &iterius 141171- pilariorum 7771777717 10, 7,11
17777777 7117779 771771711717117 911777777177778, 7,5
7174776117 77, 7, 67. 11617777 ’6, 9775717777577577675.51775777
3, 33. 5777177177 milita 77, 1, 5, 77, 77 17757117 coloribus 77,
88546. pingendi 771777777117777,

7717177111 (1117777616, 5, 55. incur· 10, 6.

717 in aliquem 71, 7, 86.- 577177. 57161777, 70,9,57161777775771117717

7571717788171771171157167 17797 ui fac 77777177) 7, 6.

,,9 571 757,1777777ο5777 &a 77,5, 67.
mus 7176177 7, 3, 74. 'm ’75777 nihil circumlitum est 8, 5,
81777111811111311171171101, l3, 478111, 14, 91715671767761717 5, 14.. 1511786611-
4777777717 177 concipiendis visionibus qua ad pinguem sonum 711 7,

8, 5, 88. 47477717, ,rerum ima· 7,7 757μ17571777. verbu 7-7, ιο,

57777, 7117777776, 7, 29 1o,7, 75, 337
. 1-2, 77, 6. 571757117671117777717777177177, 77,.4,
8177717177 77, 7, 14, v. 77.

· Philippus, Macedonum rex 1, 7, pinna· apium 6157176177, 4, 77.
- 23. , · ρ17757777776477177177777,4,77.
¹------⁶-Consul11,1,37. 4111177, 8717718 6, 58.
Ρ17111575117877111.Ο1611761717711.118117767786 64. 7..77
7171761676, 1111761777, 7171177111. 91776177777777,7, 11.
Philodamum, 7, 54. Philodami 411771177μι67776717173475777777,11717111·

damnatiou 3,171··1mpuero8

5171779111 111175715717117175717177- Pisaurum-7, 7, 7634

cantutw, 5557171171757177717777 91177777717717777118, 7,5. piscium

consuetudo, 1777771777 5,76. 1717- ‘gener-a 5, 10, 77.

- tio 16, 1¹, 33. piscatorium 7771757717] 6, 3, 41.
91117179177117771771 5761711,71775777· 57717717177577178,5, 72.

11777777 576171177,5,77777. 5717117- 11171177177 5, 77, 8 ,

16571777 tres partes, 771 pays. 11179, 5, 77. 11177777771775, ·,7
4171161671ιιῑι1ω4 7167716671117177 vi· 61. 111 Pisonem libri 3, 7, 2.

vere volet 5, 74, 75. 57111617 77777Ρ117777717,17711)1117777779,5,

5111176717 est 3, 76, 7ο. “ 72. ,
16178117777Η7717777777775μα - virum 10, 8.

5717777177 7,87 577,5, 79 77 77 pituita, 7717176, 57.

8116177176. 5, 56, ’ 11118717171171101171310 5117
446777,9717118, 7, 17117. ad facien 5717777777,4,4.11777777 1177711176,
(177774677777717717777171717 10, 1, 17771 77, 76, 75. in 6177771776,
47. , ι, 776. 7117777176 virtutibus 11,
5717171177,171711,7775177716517771148 5, 778. 717 76177117777771767177-
, non 17777771676777117771777 77777,7117715777711,9777177717
ιο, 7, 87. 711. 1617188. cot 7,77,77 6617751666177, 7,

1175551717 canere 7, 16, 73. 21·

 

